[Times]
tau_m = 50
dt = 0.01
tau_g = 230
tau_a = 3.5

[Resonator]
lg = 0.1
la = 0.005
rl = 0.03
n = 1.8169

[Cross-sections]
sigma_g = 3.5e-19
sigma_a1 = 2.4e-18
sigma_a2 = 2.8e-19

[Crystal properties]
Ng_total_perc = 0.001208
T0 = 0.9988

[Losses]
alpha = 0.005
R1 = 1
R2 = 0.99

[Pumping]
Pi = 0.2
wavelength = 0.0000808
rp = 0.03
